{
    "0": {
        "precision": 0.746885617214043,
        "recall": 0.8136952498457742,
        "f1-score": 0.7788603483909065,
        "support": 1621.0
    },
    "1": {
        "precision": 0.7993355481727574,
        "recall": 0.7290909090909091,
        "f1-score": 0.7625990491283676,
        "support": 1650.0
    },
    "accuracy": 0.7710180372974625,
    "macro avg": {
        "precision": 0.7731105826934002,
        "recall": 0.7713930794683417,
        "f1-score": 0.770729698759637,
        "support": 3271.0
    },
    "weighted avg": {
        "precision": 0.7733430877373934,
        "recall": 0.7710180372974625,
        "f1-score": 0.7706576141251807,
        "support": 3271.0
    }
}