{
    "0": {
        "precision": 0.7598587404355504,
        "recall": 0.796421961752005,
        "f1-score": 0.7777108433734939,
        "support": 1621.0
    },
    "1": {
        "precision": 0.7900763358778626,
        "recall": 0.7527272727272727,
        "f1-score": 0.770949720670391,
        "support": 1650.0
    },
    "accuracy": 0.7743809232650566,
    "macro avg": {
        "precision": 0.7749675381567065,
        "recall": 0.7745746172396388,
        "f1-score": 0.7743302820219424,
        "support": 3271.0
    },
    "weighted avg": {
        "precision": 0.7751014895886581,
        "recall": 0.7743809232650566,
        "f1-score": 0.7743003106739771,
        "support": 3271.0
    }
}