{
    "0": {
        "precision": 0.741340782122905,
        "recall": 0.8186304750154226,
        "f1-score": 0.7780709469363823,
        "support": 1621.0
    },
    "1": {
        "precision": 0.8014854827819041,
        "recall": 0.7193939393939394,
        "f1-score": 0.758224209517726,
        "support": 1650.0
    },
    "accuracy": 0.7685723020483033,
    "macro avg": {
        "precision": 0.7714131324524045,
        "recall": 0.769012207204681,
        "f1-score": 0.7681475782270542,
        "support": 3271.0
    },
    "weighted avg": {
        "precision": 0.7716797476035985,
        "recall": 0.7685723020483033,
        "f1-score": 0.768059599721224,
        "support": 3271.0
    }
}