{
    "0": {
        "precision": 0.7464629315223543,
        "recall": 0.8136952498457742,
        "f1-score": 0.7786304604486423,
        "support": 1621.0
    },
    "1": {
        "precision": 0.7992021276595744,
        "recall": 0.7284848484848485,
        "f1-score": 0.7622067216233355,
        "support": 1650.0
    },
    "accuracy": 0.7707123203913177,
    "macro avg": {
        "precision": 0.7728325295909644,
        "recall": 0.7710900491653114,
        "f1-score": 0.7704185910359889,
        "support": 3271.0
    },
    "weighted avg": {
        "precision": 0.7730663169171611,
        "recall": 0.7707123203913177,
        "f1-score": 0.7703457863239843,
        "support": 3271.0
    }
}